730212
683756
-447437
-638410
-571568
815984
-509224
-81580
937948
-678211
399848
895397
965227
-917943
-879186
936142
194327
-946517
-608494
-609224
-435750
-728979
-967730
883879
570901
96147
659486
710384
165569
-733216
164674
-274774
872573
-571199
542132
-686674
-869996
-412786
-278322
-562736
48265
558065
-921753
779979
-884415
111458
-281051
-730628
303982
-405818
-474269
-698182
-949805
-517187
-827368
-508173
-575774
-184297
-90071
-755624
-865305
66598
839994
-727633
297492
960168
-900916
-43598
629844
547592
162536
52776
218043
673497
384322
-306771
270008
-580200
-514688
326917
773605
138119
549098
495171
680317
932268
165354
-974165
-284123
707005
561308
-251755
115648
811759
212247
-900702
912523
794107
136914
-238422
-291154
-151490
-272742
-964195
546167
-785885
-890103
-438863
724563
-351484
659247
-582086
-499419
-793387
703810
389185
866358
894470
540853
123869
967768
-61734
716398
-502648
-534453
221410
-568423
980766
-650877
365925
-781171
-3191
19795
-473219
-897842
-816237
-765192
610164
357684
-947719
-691934
941634
-417843
-283700
-78812
-302676
-199274
50095
162583
-704698
642896
-783767
-385624
-344096
-629018
-168607
166304
-291844
412786
566952
-13218
269129
-511603
-856735
851277
834545
166357
-524401
-211789
770513
518693
107959
-472579
-220890
-837148
592155
-680548
-577277
335006
112254
573013
860190
-489075
-368166
-582680
-927591
694647
-968227
-955078
-866486
139517
-400424
-727585
326158
-305592
-848217
875481
153821
-454982
408461
-296535
757032
-168215
-217934
233990
576434
-20689
-869145
335629
-389882
993088
-294719
-858345
825981
925332
907272
-976562
-720336
-680417
-130677
48056
-993818
541567
-806480
-767574
831440
-162335
396606
-822025
-893089
-526446
-892398
540376
-444307
861631
-305726
857133
182695
-370033
-355377
688166
-333289
-190932
-257991
-129729
214133
-215247
-838970
-319944
-559770
549478
538056
549536
806535
-962192
1085
850041
880940
965183
612339
-139782
32337
-541261
830689
988246
-480121
882816
-994737
738260
-631661
293263
832457
211991
806170
684441
-701408
156625
-227959
428825
-755683
414736
-38254
-67452
505274
-177199
281978
117728
616864
5409
-375355
-714399
497178
980085
602327
-937534
-117383
407531
888950
-896085
-831634
-608538
-790286
-140148
-889291
777546
333779
-49527
-961858
265134
720146
-887435
-376386
-948045
-726384
-950632
807523
-583769
-569588
-971437
-316233
-701665
-554061
607903
819156
-918391
-240571
579961
-931807
46253
257709
-470404
-306013
573380
-985254
-482666
-597022
-125790
-858962
855144
-25453
-86713
-35190
-427756
229189
-390544
-995282
-514382
-603154
-384885
527207
-313730
572938
423803
-142449
90224
207335
493942
-477494
-278334
807586
-204798
-984743
-742462
683920
-64896
-424390
183171
278827
83958
271022
114905
-470643
423834
-706801
305871
397579
886743
-652558
-415681
440612
537214
-182071
310911
736262
209759
-688459
288195
452610
-600679
-75829
-648396
-578944
868251
-877866
-985350
-370264
-126583
750549
-445964
2073
123381
-861449
-451344
-476468
177109
-825923
110881
994685
694490
-763402
-608693
-172600
-692881
313889
98854
-353862
318476
-341520
-841654
657705
-528467
-787821
520622
601673
540904
749146
323412
509808
-82582
-286645
973210
-235492
-396507
-735905
168690
-75608
626910
-731058
-888217
-827977
-5379
95014
-838511
-531589
819331
-968087
-361735
-911664
-920592
-691516
383658
-806882
857101
987225
54694
279805
462924
-365886
-925091
718022
546490
371344
213655
-314206
-565909
-784662
-106033
-229786
413816
-98407
882533
791126
58415
-342207
178340
736263
-966622
826763
371081
-479259
11506
-914699
-660478
846422
679733
-996909
384405
-908549
-433887
-152570
84816
-584417
-29962
-547477
-505314
628632
-432347
537897
177158
713104
176570
-852270
-613018
552140
198391
-288357
67780
-427375
507605
998216
-664461
790573
