-50201
5979
-12990
-19770
-7709
-30618
-98779
64782
-94649
6681
-5946
-70228
-93090
-99253
-2624
-60295
-89101
-47055
-28804
-92662
-81070
11771
-63343
-27348
699
-39419
21422
-80671
-24366
83267
-3744
31198
76755
-746
20905
68586
-24039
-67661
-55420
-33905
-53659
-80102
-53672
-95227
48693
-65034
84769
10137
75901
78948
44839
-78526
65348
-68543
91360
-62086
79876
71931
-6985
-57664
-33319
-26197
-87989
79499
5619
20014
51972
65993
74120
26059
-40268
-78189
-87421
116
86696
93048
-36311
31191
80897
-7755
-93124
-34957
-24756
94400
95621
-72413
18308
-1581
62267
38380
36829
51061
30109
75237
46411
-26755
16771
-80880
80169
41608
-6492
51927
-39552
54687
-65428
-28822
86419
-72450
-22762
-74124
13880
-58671
-68121
-19352
-64676
-29007
47472
-28983
-28821
-8019
-57446
-35833
73253
-50065
7589
-85625
-31324
-80458
-1465
-7187
70581
-62357
96915
17934
-93379
90964
11856
-29649
68615
-6744
-20103
40253
47096
14935
-92136
10861
37393
-82133
-99311
-68512
-44382
-4487
1624
9877
-37239
-97073
89126
22987
-2245
-53627
43133
79378
36836
-13134
-3860
94547
-25948
-98365
83097
61951
-54530
-24007
-48679
53907
-79009
21181
57537
40028
-76817
-32830
3429
-84342
26254
75158
68483
-47489
-61957
55478
-35693
-52481
-46126
85622
54962
93737
-26649
25869
-34131
71256
44713
-58921
29027
-43415
98241
-70674
-4002
44770
-39274
-37988
93129
-28599
36007
-6314
-61106
63486
-7054
-31188
83365
-77102
-1501
23993
-85286
98880
20252
96974
-70945
-72941
47081
91461
-89010
7715
23803
-54781
75021
-67959
72833
79419
-9583
-65491
-84573
-13437
11636
33446
-38839
-39713
20899
78797
-58405
-87279
-40361
-51686
-53889
17945
21761
-68208
-86023
-11734
-5764
26369
73259
-40179
4065
-6615
-53401
23479
94255
26668
-17636
54688
-56324
-39882
67055
50388
-72677
22243
85305
-63300
16561
-8283
-7114
49589
-64372
21716
-95099
54941
-94656
-43277
-12513
-30094
-84893
66755
-2738
-2600
9795
95387
48591
51471
-20767
-25582
-26268
-16584
99474
20231
-64310
57796
26041
-14783
-62283
-48016
-84602
-79977
-54340
-16764
88484
-49311
87885
-30266
56023
-4357
43846
-56324
-80383
-5580
77367
49749
-17928
-8229
71214
89797
7859
-66222
-94535
-93015
85803
73994
90845
20240
91854
92801
-7668
-19259
-86434
-4034
50004
-91488
99160
28879
3086
-64057
38057
1006
9715
-12523
44444
37335
-80938
-28681
-11480
14576
19122
2328
-53966
-87442
55290
51370
-70453
7019
-29188
90820
92317
38298
-21821
-84158
19411
-25927
-79004
-61060
65447
20114
-50322
-48427
39270
-71623
-51166
46079
-34299
2444
98908
24901
3620
1271
88588
-23907
-96940
37943
63902
44740
-86738
90388
9091
-28586
-14493
35854
-97677
-37722
-99854
87453
80059
-82914
65690
71232
-53419
-60922
25709
79283
-59869
75233
53595
-7170
75396
42159
40620
47717
-54386
-74375
52626
-60766
-21046
-71663
-84788
-34840
92848
-13585
-81705
59553
-23122
48501
-24953
67927
30183
87319
-84126
-50017
95183
-63130
10829
-64136
95446
37388
-55169
-31677
75607
-23479
85831
-78273
72314
6633
-33045
-62701
66650
-13078
89720
-3117
86509
-23559
-48524
70492
71456
-89651
71008
51726
-73080
-3049
5754
72160
-17445
-35775
71028
-34464
57443
40372
90503
-75435
-70559
16193
95275
15121
-3020
26745
-93285
44162
-93531
-52820
-85545
90905
16541
-52923
79897
-22744
45617
-62150
-25466
-17615
93559
-86710
12780
67679
25206
-32440
17691
-45916
-92170
-19388
16680
88172
-49153
18073
88055
73912
73829
81046
50882
76607
-93468
-22503
31251
56709
32820
-40357
90462
64063
-22666
30025
19155
-77097
12173
-10761
14059
-82271
2670
-77776
42765
60157
50284
8294
22427
-33971
-57314
-65155
-50933
94005
-63929
-71488
-72825
11487
73139
53143
25143
72825
41835
-70182
48907
-99838
48861
-69192
-38767
-94259
-21554
-12873
31262
10016
81421
65500
-94348
57157
89620
-45145
91085
15108
-93075
49336
63811
35443
-81535
-60710
-38303
52637
15828
87801
38226
12038
77043
-82166
84544
49035
-46428
54472
-45345
71981
5090
-91969
-26325
94495
17296
9566
-96673
-24399
-3190
72276
14259
86858
31708
43156
-57645
67101
57554
-48744
-77296
-5727
24365
-64864
-81818
48035
-74619
-97706
-43843
57462
-72363
67887
24998
64951
10930
-15562
49167
-85828
58229
-37552
-60549
-68151
78985
-42285
-34379
-64621
-18863
-77345
83983
67242
38734
31983
16354
-10897
-16881
89886
-73755
-14652
-46748
-73288
-69974
35512
-61125
-46875
95280
-75026
63963
-76262
72400
3615
67676
90816
85385
25561
-87008
88944
-6329
-14827
53194
7758
34665
11351
33635
11576
25932
25435
-78185
9045
-13621
-66696
70740
-26875
54699
95706
-18480
-31125
95480
51440
78059
97654
39985
59044
-47981
99555
-73324
2400
80480
5334
-52451
-36170
-31721
-31381
75551
29716
42092
20559
28235
49999
73526
74931
30948
2659
49829
-82990
67944
56243
-80470
-76456
20220
85012
55875
6147
90372
13034
-10069
-59228
-68705
-11563
78355
39067
66724
-95149
-7569
80790
60659
1918
1812
-43171
-99649
-20879
59665
90684
-2730
-2052
-83061
15437
37168
-83414
-33333
-46802
-6817
-30894
34856
-25011
-37318
-19975
-6446
-57239
-12395
-56502
74539
-81478
-83720
-85354
63454
63055
-88776
-50638
-82563
-76739
80679
-44672
18569
45395
33387
69989
96914
15163
87338
43642
-30734
18559
5873
99348
29846
10779
42576
8125
46978
-86383
-80459
-45941
-24117
96399
-7474
86711
475
-76602
-1284
-66441
-43165
616
36639
83163
-57514
12800
-50333
81506
24965
-5994
90140
3590
54270
-35649
-4408
-61159
-2492
15171
86058
-83631
-96709
-37736
97023
-64893
7457
49730
-54606
-90438
5737
43818
42501
86721
-53088
-71541
-91268
91202
-22285
-93911
44358
97014
20279
-82028
-8664
-40343
-26218
-98244
-95537
19625
45571
-79808
-2351
-37321
41183
80319
74046
95275
17105
63249
81072
-91469
-7303
-91565
-11489
-42171
-78711
-35413
16438
-36814
79333
-8965
-29699
90756
90103
-65287
96626
22752
17056
23381
85145
14435
44287
81491
-59139
38079
9204
60558
-98777
23993
60455
32459
91909
-14299
25955
74581
44292
-17580
-14846
-75724
78004
45100
-74775
-97263
-10170
-9082
17625
80696
76777
35590
59470
-16901
-48672
76823
-13005
26210
4057
40344
87821
6038
37707
84992
-80520
-46756
13001
-33302
-2788
-15172
-91544
30569
48981
85732
74077
96777
70547
-23845
57178
-3535
5143
70338
-12126
82460
49060
99228
-98496
-10617
-45342
90266
34991
-64824
-56137
-92540
-64555
86412
-63624
-12847
-17458
-29133
-54791
78534
93123
28159
74377
-19616
78677
88828
44045
-23025
-84868
76141
52752
-11792
-65890
-77908
99192
14035
36439
35972
-7977
98497
93765
-921
32693
75641
30760
-64815
44311
-64248
-37070
-3181
-46187
-95541
-38677
-21727
4718
-43864
-55612
40793
56217
-83101
19614
82961
-46357
-65329
-2137
79675
-31162
82983
97232
75021
-40990
96264
61253
74384
88851
93224
-96372
39843
-22102
-76599
2976321
2906.5634765625