17 16 30 31 16 21 24 23 17 32 19 31 27 20 28 16 20 26 
20 32 18 31 16 22 22 18 27 23 26 18 27 26 27 21 
19 16 29 31 25 29 24 30 32 18 20 18 18 21 
18 32 22 22 19 28 31 22 31 19 28 17 
22 18 16 20 16 32 21 21 31 31 20 22 24 29 27 
17 22 25 25 25 21 21 19 29 26 20 32 30 16 17 19 
21 20 29 28 19 28 25 19 27 32 22 30 22 20 16 28 28 21 22 20 
21 21 25 22 26 29 20 28 16 22 22 24 25 26 27 24 20 20 30 22 
23 18 23 28 21 19 16 32 30 19 29 24 28 22 
25 19 16 17 16 25 23 23 25 23 21 23 19 16 19 
26 32 25 25 24 26 19 20 25 22 25 26 24 24 
32 25 26 22 25 24 24 24 16 16 23 
24 18 17 25 32 19 20 16 27 16 23 20 23 22 27 25 27 16 32 21 
20 18 17 18 17 29 19 32 16 26 27 
31 27 31 17 29 16 31 25 28 29 17 27 32 23 31 31 25 29 
28 25 16 18 22 25 23 30 25 28 23 21 21 24 