0.03283456775979832
0.8854131839017289
0.22837492808323123
0.7061561418750765
0.44343323319810957
0.13958495317879305
0.9829266248102326
0.6498167912906717
0.6645307723390144
0.4164809547314806
0.19273638012431293
0.2485722246639187
0.0930356049584471
0.3157248514184937
0.42103661282407623
0.4559056483008219
0.2990867783262644
0.9093893372639956
0.5553305072867538
0.4437313834918146
0.6632086373813227
0.9461668270150891
0.39264983945976195
0.8636891201043262
0.7033340936607798
0.5005620813949053
0.3285988181739318
0.8535715718358919
0.8546294664064777
0.2660502304092286
0.6385525135669324
0.7960626249467653
0.4629766249192553
0.6777456525656855
0.3423002583177135
0.0836417669345344
0.6849734817737885
0.21074969228239715
0.0572170200272587
0.9575622507572142
0.7693342222438649
0.2242064877328136
0.029575280898152534
0.5062354905312942
0.6051975461543164
0.5272714294678147
0.043023879098023965
0.732332404210834
0.23506442469593458
0.8794917752734577
0.3569854894806821
0.9977018538469022
0.9483451169241859
0.9946814104676722
0.12099842529866534
0.380098796675681
0.9557826215761172
0.9115674440963463
0.9575744355386369
0.46992991099776416
0.3716303984853492
0.6366151873227232
0.11929755505735773
0.5727473575050159
0.15826082264097296
0.8810375951081211
0.04474671731746138
0.5830926360138244
0.5778472222634157
0.7671408203622254
0.8701739690557365
0.648784459638498
0.41103173302039686
0.4908697321394787
0.25258252062289743
0.031061945954938053
0.1386574505292989
0.31775550897710814
0.9284448290405649
0.5965211862241404
0.03865910780842752
0.04699419927369919
0.003511507460263963
0.4918537459551616
0.4886064688140407
0.5478260500187154
0.11939339310720454
0.6138731925478011
0.920556126824518
0.6598282017562344
0.1831615305507197
0.14137034875141685
0.5919199393329059
0.8652776965694888
0.5773979854793478
0.7715374272080172
0.6676580677394688
0.5456419247674793
0.7961330310615248
0.8009278167950771
0.5882353247758246
0.13069538824553917
0.6537897991959756
0.5191982783559727
0.2097560329321807
0.18723571981041653
0.2960617517171136
0.9487029467744498
0.24752891124777177
0.46997650068877206
0.8921822474106371
0.03553234885502021
0.9933374428488136
0.5731815557097303
0.7868922727423232
0.7743103468607746
0.27867762665893603
0.8419736639576029
0.7257966643663077
0.8832226220209614
0.41328968451581505
0.764019155496657
0.8163593249862291
0.07266360248974124
0.8522616580836316
0.05879048045435076
0.0411916982924978
0.5446569620965558
0.33108949621353545
0.7273108267519095
0.539541261522593
0.5966298625331229
0.2928716250074792
0.471488367147575
0.42441165610758513
0.850326146730827
0.2179529359587533
0.5100455187995435
0.8278687036070673
0.4606021990779845
0.09981945244915902
0.688974150218522
0.40173990840617546
0.46571398001468556
0.7849182722038165
0.4388346951630173
0.8924164017607722
0.34684962966484456
0.5561773769598545
0.3867586095217007
0.1600059939951125
0.8525846816030533
0.05291555065919895
0.9917984850811897
0.9261526244646966
0.6603928788072739
0.11660278052871154
0.6935018931672184
0.8151912834403174
0.17427938260448783
0.5967990058880124
0.3356060657433162
0.6828390849165914
0.6865565460752607
0.648623738747146
0.22174903104210963
0.006729991362135701
0.305234204368957
0.8869741634063089
0.9663880249773272
0.5223207293428452
0.8492811885079363
0.4575750646048521
0.39784855730871926
0.8641940983794987
0.8412129813780045
0.5955991864992629
0.16970765388208264
0.9055067650316088
0.6906626901092939
0.6646711426074537
0.04771140985210598
0.49905754478685993
0.3560038584222883
0.981929690274079
0.8754013647722834
0.31951386506804036
0.5929814066533253
0.4830103064027609
0.07768381753320353
0.1287525460588903
0.44268063486073506
0.5469751470617077
0.5387295251834867
0.6680219613983606
0.3940429387799219
0.6932856416688288
0.6211522290853838
0.7438115873263349
0.42542150522449007
0.7457526328248826
0.285534639722424
0.6056522263908294
0.03516305326689351
0.9845600530109788
0.1677873840729881
0.0874890042997929
0.2000842700160137
0.46242257020600286
0.42162717632985125
0.31881853565164775
0.11945016283624366
0.6602632604916455
0.007556031394064244
0.6662401868948999
0.5245296872246396
0.46336873922554744
0.5184551748937286
0.7780264092208324
0.4014310708990295
0.5229134698994676
0.24688657276888104
0.8947604211012556
0.4284137994676376
0.5985881860588956
0.25533578530361334
0.9493173881051158
0.05672651213388713
0.07329283718292878
0.6612663429228788
0.23165933314733078
0.471870865055243
0.4756738742373593
0.5148092368309454
0.6331470460900188
0.023379081140904256
0.3749365686426336
0.16496064464292803
0.3555294983402598
0.5492285653425103
0.19258510664593442
0.712967762316737
0.16482548214877546
0.09597134209331493
0.8378477223172534
0.6074251430629749
0.2504096405701878
0.43274619876823617
0.5448429881122955
0.018039420582465326
0.703298361131866
0.6566974409722939
0.25415472522328475
0.7828749591044748
0.7585933678904525
0.38737767690715763
0.5592740093321353
0.165357044751689
0.2666881692134351
0.5311942271830126
0.9055143325286317
0.6189534804116773
0.6943404352349474
0.5689333835834431
0.17359581906335209
0.692938162361003
0.4681355944338642
0.4153723725561863
0.28061605057618066
0.0688367186293618
0.5176807717023237
0.5821604182663679
0.9160833796494969
0.6560548554712351
0.008733403231955372
0.2346381238210622
0.837636089910829
0.17472198243776127
0.606620780255384
0.8755137070998642
0.48241465594273614
0.7898028958371648
0.36853014648307025
0.5786485941138015
0.4358473522048132
0.42000799288794466
0.39588529474341616
0.7348421339800758
0.3130492302092408
0.6776192524343296
0.11587734062166055
0.8421986163905791
0.04963974930393
0.018681957270131555
0.479943562167909
0.05355368967864249
0.003785515207333834
0.1790866587334663
0.3549216068935225
0.01482122063410396
0.020816991918918948
0.003913256163411094
0.5334242366909265
0.2422099005047258
0.6397842258376908
0.014038600805228896
0.5973796673566742
0.25447212956604603
0.4211045404131405
0.22031642873316493
0.8928147543283536
0.3027046571734505
0.41102516187966365
0.41021344898828205
0.7647075403031043
0.38348852579416726
0.5164346207148286
0.8161581820501648
0.37822949211869084
0.06834230665733254
0.6022423325016139
0.9720784238302683
0.5284951101025219
0.11304089384349625
0.11812177893081699
0.7310428744564544
0.7730250052733334
0.27050970770459726
0.8257267546017336
0.4162626749396481
0.13834814532229323
0.023492338630343168
0.3035906293894536
0.46650623326170704
0.03418231463490762
0.8703727491285175
0.45243968412432267
0.34343468962962154
0.9918934230411762
0.13855704614130815
0.2120039360060053
0.8220950392576294
0.5866699886836846
0.0436944206878056
0.2878101364160629
0.6142000676008651
0.2884197454836437
0.5449380685120664
0.07322282674079095
0.6923709024769553
0.5689244154563012
0.6601274707334256
0.6181439544232118
0.3548617538862281
0.03220664335610979
0.5359675874505438
0.6213534357998862
0.5522981497065098
0.667867127266839
0.8512292626370735
0.8583609096542528
0.30418765827999095
0.5767420347532766
0.583783083984595
0.8075432150810077
0.02224944480370783
0.8598242988568006
0.7116608939877435
0.8602699570528253
0.8965643704750329
0.30287343908400866
0.3974819273697706
0.47937167246756707
0.054917538007695055
0.8075554237142026
0.8693097620404757
0.5486634156854523
0.1859490421221761
0.8983441400311662
0.8524284204211426
0.6343818453728515
0.3917045678129083
0.6119347693702281
0.861193639439104
0.20428135233800748
0.9676252868777513
0.8514512321607149
0.2576935506471649
0.2648569640597057
0.6004498328429543
0.899838472205899
0.5843730068168844
0.38323766318005337
0.9664567544487882
0.6027098266185736
0.5920782019564008
0.3165765149110984
0.0509347727985765
0.7264434467281019
0.9101069634778468
0.84024557491819
0.38919147655934627
0.5814819658173151
0.4057324476571623
0.8167108662970107
0.16229314173803688
0.5539082169721499
0.4310379019159195
0.7845345150859403
0.5914234496389316
0.1770124227043801
0.6963587865422605
0.19656186171836387
0.9489485914825001
0.4514139985798692
0.5172574685098489
0.5780171530904361
0.6537308972203658
0.3911818895244371
0.7925043819473498
0.0035862000897524116
0.2154560530079601
0.952802134872233
0.7453880439032136
0.31364437735906026
0.2550910970250546
0.9376538713211379
0.5863921939518115
0.18174766937991504
0.7911846243072853
0.13151595582963105
0.7116716380179628
0.7390638535115939
0.3562520768840758
0.13229978263166642
0.09094172444465032
0.8228993738158559
0.746881032731696
0.25719167009930366
0.341403902003908
0.6401436208869175
0.0005904424639769923
0.28413178701719655
0.5530458697293413
0.17840221439294146
0.40459821999393064
0.9349342951996781
0.9314968976091469
0.5933394828911173
0.37021010686593914
0.9412907119620729
0.3948888426809384
0.39656350314727373
0.1146460612731941
0.9450231758464832
0.701447979525766
0.9515484343507106
0.6189151168479343
0.476659400694855
0.2974143220000277
0.4664405288752417
0.6504111980772226
0.24836100167201092
0.24346943460521775
0.25150462951360697
0.8110484292071967
0.06409633685072191
0.3876029119983512
0.5934223057539734
0.14784743375232035
0.9253710165861415
0.9146253844469335
0.6613146777477561
0.8901065663850879
0.11332227574949871
0.7128276312495126
0.6771181520059459
0.6013232512437482
0.29278517127254233
0.9192108462698664
0.6029841940349218
0.7954308211746998
0.15305789183258212
0.4351499556959144
0.502690353123721
0.01593516954948737
0.08595447274446544
0.9514033949193831
0.9094225809830363
0.560070707384839
0.6787144251332681
0.021311470086549544
0.8430596366450313
0.09366326771847588
0.12044940057594733
0.41285229103127197
0.4666447822248323
0.5079548588185767
0.15753910169034835
0.6053589096688858
0.1668306515486636
0.9035772852681498
0.040337932043623015
0.25743615224133487
0.3739757445951869
0.23300129410263137
0.23769202850772853
0.2109733617116577
0.7647916460992239
0.9968306233418899
0.04066365324862842
0.8667270103265026
0.5271025569626969
0.2814483535172815
0.5708911553876949
0.5994342202369273
0.44468073495450644
0.016091438368120436
0.11371884307661917
0.2649478937680233
0.8238135294727026
0.01910499474979266
0.5511080072037103
0.6667918463871908
0.48706811281246376
0.5239533039250327
0.49830539251589845
0.8830920177830056
0.26438352656849673
0.1679503625408968
0.9785422142923406
0.3657976098366992
0.8650611535620515
0.8841092043536651
0.6296791996904699
0.7928395668927967
0.26396369932494623
0.4591163322767352
0.7069115966189851
0.6689965096487492
0.2227492186874096
0.08949738796592066
0.8994130785588322
0.834103422259464
0.27970114572079086
0.6626545884217245
0.33444944084241446
0.24270555605604716
0.7308949849338675
0.22544423975045136
0.3701657702088281
0.5775558135219798
0.354940493060685
0.1644472911031818
0.0504511020533055
0.18263244990485084
0.44477108105860574
0.7476995900987613
0.6345981053178742
0.4255984858515892
0.1249405737010747
0.7060936603769516
0.9549985177853388
0.42124142772346895
0.6181570455513264
0.7572692263942779
0.02828395664414407
0.4312922592758719
0.1542481711955732
0.02336286541908228
0.19394558179869104
0.897824288864228
0.6506033248768105
0.09815503475111587
0.9094345280876097
0.6891572650346983
0.6261375196909745
0.7113230256057497
0.7742903691412417
0.7332701274476613
0.672589806642151
0.32909583159383826
0.7697022189322061
0.4828136678515894
0.877888164030791
0.41070904907154204
0.44550772865079846
0.5786363689462493
0.6611943353517664
0.7324468383499718
0.004291165463841229
0.2517133383928689
0.688083253222592
0.6558974406597201
0.8986280097941287
0.18117379028217329
0.4769862561324987
0.09651290153567027
0.33302558152965966
0.13766916306817278
0.9899021750828355
0.41366847140623
0.3485122751541997
0.5914704510855515
0.13200647573440893
0.016651205990555473
0.8600221559292678
0.5286561306333113
0.5848357654191381
0.04718592280200584
0.05633746997580591
0.9327309046122617
0.38492447135078367
0.2167528348541241
0.9562789232039092
0.3681845127112914
0.8234840162840167
0.9614109941792979
0.7519693554888969
0.45750871130657933
0.7778619638853765
0.9336789277897839
0.37625029836664703
0.4915176475543884
0.9640682310528389
0.315818404834608
0.030102271551696203
0.01731277358062011
0.44665438772604105
0.8394547934645982
0.5640179103976971
0.6034934761261876
0.10350470162293424
0.5350939558123208
0.4539701335399763
0.18060973030760574
0.8627298928247437
0.6492854701906475
0.8357315462900544
0.6337165123667625
0.5633990124491314
0.54239971262631
0.77271639457153
0.423326162829033
0.8123674101269068
0.10958919691967672
0.7975691191489376
0.7160759821116394
0.8495399307587225
0.8942039664725467
0.553179313657687
0.21499776228005463
0.3273288150227317
0.7920877660491118
0.40843332838396196
0.7763755809758252
0.01663396625668545
0.13401657460288874
0.7607226747627963
0.3717678796781868
0.2797727982029463
0.5019518997193293
0.24081929279302838
0.17515927412407795
0.22805899546364927
0.6351531812995581
0.9301246749666952
0.6628679994001107
0.1945029036478917
0.14571325591812068
0.8210669414365087
0.5015517478455901
0.6684120632291763
0.4538099458783236
0.6384980903137145
0.2224062288557892
0.9798108655643796
0.6719442232570325
0.9614764595265288
0.40839294212955013
0.7931343226920445
0.36106224584130064
0.1530133901984343
0.40773798997789656
0.6769014058735064
0.7653986019473904
0.38814764087660725
0.8837112203273805
0.2537465500154862
0.1310842499132885
0.2788843868102622
0.8646128741386389
0.090605490518602
0.7535594972047409
0.5570088699571422
0.5668075379147337
0.3041109585604941
0.32888224675815114
0.5406550423144769
0.14747412033206186
0.9568103640504954
0.09892772647295323
0.9835314858866839
0.010853840518469493
0.13380901628710862
0.26425839487152103
0.4563531743163791
0.9662154102975463
0.5944485139361213
0.9222883475898829
0.9031288401670444
0.4783213554364688
0.6553160779732218
0.02331076639489682
0.19128279514717328
0.5493873078642221
0.644788874842349
0.4235116983904218
0.7097253319712536
0.12793760322612968
0.15930946328678441
0.48383385119239886
0.3026735811754907
0.5282949390807727
0.341090961209803
0.9550342926629917
0.31266282583171245
0.20894294389301726
0.14859552486875605
0.005100220624077334
0.9346235897601565
0.22520117390813
0.22738626370470172
0.7810138449507161
0.5075651926365268
0.49819958907152995
0.57099294311079
0.10321182711724575
0.28914208343839987
0.3276227944349418
0.8967917984419457
0.767006025568215
0.32259144686986974
0.44538565895494664
0.8516847099916967
0.942549533815243
0.6714484306429083
0.14166522823797467
0.48710595480017627
0.09505428028792962
0.17217058650299588
0.7749487411890863
0.5612772399453939
0.4119520349211827
0.8492460043375762
0.24983321015108728
0.4713412177875185
0.5000292594335183
0.14450182882466311
0.6816601283387254
0.979044758769599
0.3692602931227096
0.17687958518809033
0.28188653974833666
0.7698004774071507
0.015809049917726248
0.04930438247238533
0.8673237080194897
0.018956225327590892
0.3035709413775801
0.4158962221434612
0.7801805671880182
0.12139475550311174
0.8104150227965115
0.9655989179438019
0.19064305996137654
0.18025231552426624
0.4768280751442744
0.6654625763445873
0.9753870685663828
0.22170456613838763
0.5842356725661924
0.9948969138120691
0.6168684221036251
0.07112668311030546
0.059994386807055045
0.45303121359360776
0.6002418170223188
0.6527163551166493
0.7906954511115523
0.585501606583185
0.3382500091155147
0.1190241176405169
0.4496716792790999
0.301985943768617
0.5128675910750732
0.6171600883199493
0.44351970932807305
0.05872457599202641
0.06907741583893112
0.6107628584682893
0.029201556219757174
0.6689809900291475
0.860434786857771
0.25270999738621747
0.6530285582103729
0.600404683159242
0.41110729187774886
0.7134191342752112
0.9454704161494695
0.6220158924940368
0.32439482836722966
0.0280981116213177
0.01695575154784068
0.7320397647855068
0.3066485991363218
0.4732824208710992
0.3079092762732598
0.8027005023893272
0.3546030102063581
0.47149601939106844
0.13257623916157135
0.2637089353752047
0.06737744505342691
0.26434939554618897
0.12234411140059442
0.230592653562268
0.3765082209228403
0.6038224055565876
0.7519887575188586
0.3063935094575502
0.3614459746468949
0.005771228876263912
0.942656366744522
0.0018561594978502294
0.7893722471809882
0.377150533162241
0.7948551506437926
0.4657130893388669
0.751812558089491
0.3347707781700493
0.34948942664944727
0.880613339383028
0.092458633624114
0.6509809195559895
0.6089403878857861
0.46835657745046744
0.6640542505403147
0.8654245968157982
0.23615157173853252
0.43450878936717374
0.751523994992255
0.4740466006355122
0.021622778108970953
0.723664922384419
0.9387092104100169
0.559478543371314
0.9423731281388567
0.549129504251263
0.905815598430047
0.01553600419131973
0.16917541727838614
0.43111781820391615
0.5018616582554237
0.15295236208420382
0.15240401936206893
0.9958012372430027
0.9082523691655847
0.3666552417816378
0.6715324963587116
0.5352695997241962
0.3520362701172277
0.045608758561823226
0.40246238846140514
0.5350537228016662
0.1363769279562046
0.353964348819909
0.6433097666330003
0.8122008010188481
0.5620082859477239
0.4990198027687315
0.6241308121516651
0.8543564741757287
0.9412158388180795
0.3989870571242061
0.6558376603059524
0.621164886069875
0.5583945304075715
0.9416489264227474
0.3135019555197386
0.14820939415428758
0.07596334416918493
0.7065344289424094
0.873959828154111
0.5481673862330102
0.6176802217642401
0.6821300954834416
0.10989507111461883
0.8496161029668269
0.41348907949579583
0.037239264655946736
0.7773059019727635
0.1098090338055443
0.48396538291821245
0.8993093565059957
0.8971806675839415
0.9875270768812656
0.10479015747935827
0.4038916320275451
0.0013673062961773175
0.8049744872233519
0.7514392873784095
0.3709221416443703
0.9166275824242758
0.10031513582074048
0.5509256145522332
0.6169436249344584
0.823588115787026
0.954141748944659
0.8271191075734835
0.1758170805528778
0.8084831004097596
0.700982854089813
0.11505491674867063
0.6997005174061925
0.37986286332154484
0.9215805252479556
0.6165340500837654
0.1644139274889036
0.5872394749350853
0.4443375414344669
0.10766469707417581
0.831874744882923
0.6024601938338453
0.30916732112169865
0.42851413958800255
0.10177243150036241
0.5597088029315659
0.21656944649407717
0.766685541513731
0.5258138229193954
0.8927444713696508
0.6641247474965373
0.8608628420190898
0.4386917427233781
0.29687868906433146
0.7346224283516587
0.4855170919270747
0.6748202837827816
0.5690627289047863
0.32158620713449326
0.5878056347538051
0.8456913204286142
0.8712148327632355
0.759727836282173
0.3307201524949711
0.7330458887901924
0.44311629338209235
0.7481706433421872
0.41905427945172224
0.9142880123247452
0.15064404670380593
0.24932116195651366
0.46981058537848674
0.09915813083461145
0.8779191557842193
0.24424174550335198
0.37121520560324106
0.23217722873004243
0.19265231427840745
0.08458494888670132
0.12311998720166806
0.1479273833504159
0.2736852127455629
0.357424344120558
0.6121517071601341
0.8484460667413338
0.48424443014935126
0.7436189574149814
0.8545928112357823
0.1363740546538348
0.54469161760038
0.006532309580683959
0.4985452184350113
0.13920378825950264
0.24234956000229912
0.4617212136160428
0.9201610978822408
0.14234557774047218
0.6821574658871837
0.5456582728449034
0.22238533639931424
0.030525356308848894
0.16827374805173567
0.33072701619867584
0.3558660653465664
0.7634191061079458
0.5191183795516489
0.7518215508313743
0.7918673940583373
0.1272869295929029
0.21103610344568235
0.6077536289903359
0.5308042676119972
0.8353037085911283
0.48087459438718483
0.1609134342490789
0.4866525585282031
0.09419744961260101
0.3277870285868495
0.7887158040811488
0.9869896627956066
0.3045937095690069
0.17476212995666496
0.4839214473167254
0.6654557025679037
0.942405573099885
0.8543492773041116
0.25768441672631326
0.7409813425803191
0.47183121438607356
0.789510382730869
0.4865129701204446
0.2912750895763414